# seed: 499714990
39
87 3
36 49 4
8 96 59 45
23 5 62 42 78
45 96 80 68 41 82
32 58 58 57 11 7 98
96 56 74 8 17 19 3 11
82 97 71 57 68 50 36 49 11
87 43 34 16 78 80 79 74 11 49
93 76 41 98 36 89 21 77 90 88 79
21 57 8 84 12 4 31 9 76 74 2 54
37 23 87 70 77 19 63 94 9 57 68 41 61
85 83 76 70 46 84 35 82 88 55 57 44 53 4
60 24 20 47 5 46 3 37 55 7 49 11 50 47 57
68 99 99 88 82 96 57 35 18 15 53 74 5 32 11 73
76 19 88 78 68 31 76 90 27 86 13 89 59 74 9 73 68
85 57 43 6 16 6 78 29 26 87 61 8 89 45 43 50 55 3
1 56 96 33 81 56 6 11 3 86 9 36 62 65 89 26 64 50 75
81 86 41 49 31 95 89 33 74 32 94 24 66 98 34 36 19 92 20 44
74 59 94 41 12 59 1 4 36 25 67 94 86 28 51 3 54 85 68 10 70
75 12 78 36 99 83 3 20 1 44 48 66 96 37 30 21 85 2 65 71 52 13
26 21 39 29 77 87 75 9 74 82 12 61 16 49 61 98 77 2 75 7 58 38 92
32 10 76 91 48 81 60 38 20 60 58 35 53 43 95 85 92 40 40 44 28 75 79 76
41 15 56 95 41 21 83 1 19 58 31 54 41 20 50 11 79 34 74 37 63 89 42 71 16
36 77 91 45 90 95 76 10 8 37 7 31 9 76 44 86 51 87 77 11 81 58 31 7 86 47
88 21 58 47 17 22 18 66 63 85 78 20 57 46 40 27 38 75 24 94 98 64 4 69 84 53 45
40 34 52 95 86 37 21 91 94 30 42 95 41 50 26 63 87 19 73 3 65 89 67 92 24 1 34 97
27 52 32 92 51 3 62 1 39 63 94 71 64 16 19 45 71 12 7 21 99 53 67 13 18 11 7 6 79
18 76 74 58 56 43 85 79 40 77 40 59 18 9 35 33 21 23 34 77 24 45 99 22 29 3 30 24 49 13
13 26 49 66 91 67 57 42 5 50 15 24 37 88 67 20 71 88 91 0 69 41 50 98 30 44 38 43 15 2 2
59 86 54 62 52 41 84 30 53 80 65 66 60 18 47 73 65 38 10 56 51 18 61 63 45 61 26 27 93 70 0 38
44 53 23 72 73 6 7 3 13 57 30 19 1 45 69 61 8 45 74 77 83 49 63 30 98 9 99 45 5 49 70 46 49
1 80 29 54 60 46 85 24 89 77 76 3 93 88 50 19 64 68 30 30 42 93 55 93 58 68 84 1 51 12 82 28 95 73
16 11 30 59 39 25 7 53 51 73 22 18 28 88 18 34 75 10 26 9 39 11 31 45 21 31 28 46 60 91 15 31 0 68 68
73 18 73 57 15 37 96 88 25 52 74 20 1 36 44 27 25 37 63 21 61 62 57 45 76 18 54 12 26 98 76 42 91 29 2 12
50 26 80 44 15 17 14 14 32 21 16 51 48 90 81 32 96 40 84 88 50 52 91 36 73 95 28 13 71 56 75 15 35 46 21 72 6
20 82 23 89 74 90 81 49 13 10 80 87 10 3 27 36 65 68 16 0 5 37 91 0 88 92 40 78 12 87 70 84 88 84 56 56 42 21
89 98 83 93 16 50 46 85 37 30 33 96 42 8 29 24 38 93 76 62 32 5 86 21 21 47 49 60 17 42 27 26 32 82 3 30 0 36 39
29 54 88 84 39 74 97 71 84 93 80 5 87 11 79 7 12 1 57 76 68 21 90 23 85 64 73 17 74 94 62 40 84 6 98 0 46 48 86 51
39 32 72 50 86 20 90 78 36 82 97 49 90 13 21 16 22 15 86 90 31 56 99 75 2 33 93 30 64 35 0 97 38 19 13 43 36 80 10 25 61
64 6 70 9 53 11 68 61 95 99 89 71 10 8 82 62 63 43 72 49 36 6 16 77 34 11 33 43 74 64 6 34 16 22 37 53 36 87 92 89 74 39
39 46 26 28 70 58 37 73 73 50 15 5 62 28 90 61 83 14 11 84 50 73 37 80 54 71 43 33 92 27 67 46 27 86 98 0 68 72 46 43 46 26 91
16 5 39 69 41 86 5 7 17 97 32 70 48 68 14 78 62 60 51 22 60 21 85 46 11 34 21 5 42 46 57 1 52 71 25 25 94 57 80 41 8 7 92 5
2 95 66 72 74 68 85 36 65 54 10 83 62 53 9 0 0 69 87 29 45 26 11 25 96 41 80 47 60 28 4 65 25 8 68 82 0 56 48 27 69 5 30 85 9
53 19 15 42 24 97 14 81 80 85 17 3 57 24 10 57 32 30 83 83 70 31 63 41 44 93 73 92 58 92 72 75 1 88 32 21 55 14 45 7 91 22 53 83 93 61
61 93 19 64 81 91 33 11 25 12 35 92 97 86 6 4 11 96 71 17 16 95 48 6 29 45 68 16 58 36 6 89 18 53 68 15 21 9 82 24 6 58 55 41 3 15 77
10 23 77 42 39 24 34 38 65 64 75 59 17 78 35 99 54 30 36 21 15 65 57 89 59 6 78 38 36 71 11 6 90 56 82 65 13 35 52 42 68 79 70 4 50 23 58 28
95 24 43 17 35 7 23 56 30 70 29 17 76 73 50 37 45 61 86 78 97 17 55 14 74 65 14 38 23 76 10 30 69 85 77 43 44 58 7 50 92 70 90 97 2 6 1 23 34
95 69 7 53 22 33 49 7 88 10 75 23 97 7 8 87 69 56 52 3 62 69 84 34 62 94 24 90 8 86 27 86 73 68 33 31 98 60 20 32 61 63 2 51 58 17 63 61 67 28
44 5 68 45 64 94 21 33 63 36 33 22 9 84 41 55 64 43 38 95 78 44 95 36 38 83 67 69 30 35 68 14 51 73 58 72 37 39 20 65 54 15 60 29 50 84 48 93 84 11 4
81 56 15 0 98 53 95 69 45 2 50 32 41 2 33 14 80 36 29 14 13 65 56 57 8 49 10 1 67 33 93 26 96 13 58 29 96 25 43 75 18 58 61 94 58 82 91 79 50 96 37 36
59 51 99 32 33 23 70 6 76 15 6 87 15 73 39 13 51 27 6 96 53 82 88 87 45 26 53 41 42 46 58 98 11 46 28 54 29 23 29 96 73 74 10 67 49 41 16 42 98 7 6 90 12
51 7 47 41 9 83 28 65 89 32 35 50 53 23 21 9 61 2 98 49 50 37 90 80 32 9 89 38 33 13 49 28 84 95 29 38 3 75 28 93 53 79 28 80 35 43 39 31 38 50 85 65 62 50
81 95 27 64 69 38 37 47 27 66 78 39 70 74 55 27 62 67 35 88 9 96 94 89 43 33 45 87 69 92 68 83 50 62 73 3 7 99 27 66 41 60 56 67 46 94 79 68 28 28 46 30 42 27 36
21 93 29 63 19 70 83 94 2 63 89 74 37 35 56 91 24 60 8 98 92 84 84 37 18 12 58 67 41 82 48 10 79 57 37 35 13 83 70 1 67 35 92 83 95 32 62 28 46 35 64 45 25 25 88 78
41 57 90 69 46 85 92 56 55 47 67 86 90 85 68 70 60 2 3 19 63 79 97 72 68 1 90 52 46 32 57 46 9 7 73 4 64 69 2 74 60 36 33 11 5 59 37 3 99 20 54 47 19 20 4 69 78
65 29 56 99 99 64 25 81 2 13 93 87 24 87 72 95 90 41 22 46 30 22 29 29 37 29 22 51 2 23 33 79 92 16 24 1 0 56 55 14 11 68 32 39 54 50 18 68 87 37 8 13 70 59 0 66 9 56
0 57 86 31 86 61 99 21 56 59 63 46 76 68 44 64 27 33 41 24 36 70 30 84 96 39 46 27 44 82 69 63 82 79 60 72 13 90 63 23 93 69 65 38 36 14 23 71 16 24 91 92 89 39 11 6 38 11 7
87 28 13 40 62 40 32 91 77 38 6 30 9 54 64 94 87 15 82 31 96 55 72 68 63 67 89 71 58 35 97 53 86 94 22 22 29 0 48 76 39 29 83 94 89 40 87 2 5 40 90 44 90 55 86 50 17 60 69 0
2 3 93 99 48 84 58 15 76 8 76 83 1 38 51 26 38 78 26 12 85 9 95 78 71 76 24 71 65 34 99 52 73 12 36 14 67 80 33 91 87 36 47 27 44 29 88 6 36 60 21 69 38 28 52 93 2 63 85 35 87
47 70 17 47 77 65 58 0 24 90 86 50 83 41 5 67 30 63 87 78 83 81 52 77 95 55 22 46 11 58 36 72 60 96 49 0 15 89 98 62 14 7 77 42 73 31 69 7 20 59 87 70 95 13 66 86 32 42 55 81 52 49
67 44 1 51 23 7 56 54 71 55 28 18 75 9 79 0 22 63 53 83 72 75 14 77 59 72 96 54 94 70 75 85 99 82 2 68 95 6 75 82 65 63 71 24 60 12 60 16 45 32 51 66 13 1 78 6 59 8 71 95 74 9 35
74 66 78 7 98 70 80 65 76 63 43 95 89 68 16 16 23 38 49 96 53 85 76 67 26 41 9 77 29 95 30 13 56 49 54 12 39 94 9 53 13 50 98 52 56 3 23 8 78 4 63 98 80 3 8 88 15 13 95 26 67 21 29 92
72 20 95 41 45 17 1 84 23 74 21 74 10 13 26 99 8 52 62 30 82 24 9 93 9 33 36 6 58 93 85 33 33 34 3 41 17 26 28 1 36 82 24 8 7 7 46 2 21 13 89 80 97 57 35 15 34 39 93 28 18 13 80 43 47
40 66 94 11 49 7 16 56 99 66 20 99 91 37 8 37 16 84 44 55 87 22 81 0 72 33 70 99 79 93 70 95 85 91 42 74 34 64 10 13 40 39 24 70 91 21 66 9 57 16 34 53 45 39 43 19 51 41 14 64 6 36 31 80 39 71
54 52 49 64 54 65 27 92 78 27 42 56 47 24 52 73 46 19 54 96 34 13 41 60 14 95 38 53 57 50 99 42 83 75 99 19 1 87 97 9 24 11 64 72 55 46 88 14 31 12 64 2 94 80 38 72 48 42 95 57 84 58 84 78 19 28 62
57 22 36 61 81 91 38 9 84 23 48 26 8 79 18 67 5 29 35 21 61 81 86 26 70 5 66 0 50 35 22 12 14 14 94 45 93 31 20 90 91 54 97 33 6 41 67 1 5 29 42 99 72 85 22 73 45 20 0 40 0 87 71 88 51 7 95 46
80 17 29 85 47 9 25 10 36 44 3 79 59 18 2 4 40 80 4 66 70 96 48 71 24 99 13 62 34 52 23 67 6 91 24 72 99 79 37 77 36 73 40 18 17 71 58 39 18 30 66 12 29 73 12 90 99 46 37 58 44 86 84 94 41 13 34 86 14
48 79 78 3 96 97 73 88 64 62 21 90 55 57 62 86 87 2 65 37 78 59 45 2 99 88 0 67 9 43 7 38 57 37 48 92 62 73 92 45 30 30 26 55 71 5 95 10 83 25 64 41 50 90 65 6 75 98 96 52 22 83 75 6 49 19 71 73 37 73
71 54 8 19 33 30 13 33 52 51 41 30 54 67 81 72 68 14 9 30 12 21 7 41 35 62 61 59 69 90 30 96 18 97 99 20 15 98 59 15 14 94 99 87 31 1 24 39 69 64 37 69 73 9 42 62 53 78 8 91 44 28 32 44 34 16 50 78 84 75 79
25 6 56 92 30 53 92 12 56 36 42 72 10 50 33 77 62 67 65 54 54 17 26 57 83 85 53 61 95 31 98 31 88 99 23 33 75 58 90 19 83 89 6 1 37 60 4 30 49 16 61 84 41 47 69 96 74 57 62 69 53 17 99 49 11 9 25 56 56 63 51 50
11 80 34 88 75 43 83 7 51 76 81 1 26 7 41 20 65 45 9 1 39 14 69 2 20 20 48 1 51 63 6 89 81 86 96 50 67 35 90 93 95 15 65 38 31 93 89 11 92 73 4 42 50 97 65 18 89 20 89 27 47 63 8 20 14 73 90 22 85 71 20 24 2
77 41 90 20 80 85 67 99 57 73 43 48 79 78 65 7 93 57 46 61 7 80 75 31 91 7 61 25 75 85 76 28 39 5 45 31 69 98 49 65 86 91 40 47 55 73 7 46 44 43 98 7 70 99 94 39 31 2 30 56 45 39 89 21 55 53 16 2 92 64 6 3 2 77
90 7 86 86 8 14 20 46 97 63 85 85 4 48 53 5 18 33 15 11 22 76 7 65 2 8 24 70 28 1 3 9 56 94 40 20 15 14 12 88 48 21 64 61 79 60 45 39 52 56 5 71 13 51 22 34 88 17 90 85 44 58 88 58 27 58 77 71 94 39 58 63 25 99 22
23 1 81 44 7 32 25 69 27 89 36 16 54 9 42 62 48 82 44 81 32 98 74 36 8 79 13 74 21 83 51 20 4 12 7 28 15 67 21 17 22 29 44 65 6 26 14 39 68 41 65 90 35 41 6 70 2 48 16 42 1 35 52 46 59 62 4 83 94 24 15 25 89 82 22 62
54 13 49 98 60 11 46 95 6 29 27 34 90 91 79 7 51 40 18 63 25 52 82 0 64 48 91 47 39 77 20 33 18 37 56 99 69 47 18 85 67 54 60 17 76 61 96 66 26 30 34 64 82 82 70 67 93 70 30 41 65 40 60 60 91 11 10 77 2 72 91 2 9 38 37 27 7
83 41 82 0 58 99 72 1 64 48 16 61 98 87 95 30 60 67 50 59 58 27 85 20 12 47 56 64 59 71 76 16 11 74 99 88 84 73 9 3 70 76 16 60 9 14 47 11 57 8 51 11 59 71 62 78 1 95 34 64 5 85 11 98 26 13 97 70 70 9 5 19 84 17 41 34 42 63
27 0 51 21 39 40 92 31 78 25 96 3 72 65 35 31 97 90 79 8 80 22 38 34 84 98 41 25 29 39 18 19 39 72 82 32 86 76 64 6 27 61 89 7 46 79 89 49 1 15 44 53 68 96 28 80 31 51 19 66 35 15 64 89 40 47 25 42 53 57 80 52 53 29 29 30 53 66 0
4 16 81 52 54 58 88 91 19 90 90 57 44 15 30 92 97 98 18 18 51 59 65 15 85 1 1 62 69 23 82 87 39 54 58 22 31 45 94 75 80 41 13 46 45 1 60 91 0 33 33 36 15 27 94 62 42 15 26 64 32 70 32 10 42 14 84 68 70 69 2 73 69 51 14 43 47 61 61 36
69 52 31 50 81 19 94 88 62 15 68 93 7 61 34 30 77 69 23 4 5 66 44 60 1 85 61 89 19 16 41 4 12 24 32 73 6 82 91 17 57 48 66 32 13 48 97 91 89 91 96 36 25 40 96 9 45 50 55 58 37 92 33 38 73 81 17 66 6 29 91 66 68 3 84 60 60 95 93 23 5
79 54 86 78 51 62 71 7 19 71 83 17 87 43 90 5 58 98 27 89 2 92 14 10 35 88 19 70 34 2 88 30 42 86 11 24 8 18 18 30 92 6 36 98 16 20 69 75 88 10 57 59 3 49 17 79 73 39 27 0 54 53 66 30 72 15 15 30 41 8 23 54 25 16 85 74 55 9 38 95 54 34
52 23 62 85 16 88 29 91 30 5 78 76 0 7 16 22 34 49 32 72 5 68 13 88 69 15 52 88 86 38 1 69 72 54 81 18 83 27 98 0 26 83 69 24 70 64 15 71 76 13 56 27 77 11 17 66 58 62 44 78 52 67 25 16 20 4 87 15 57 78 46 10 16 4 21 82 93 6 65 53 88 2 93
3 90 75 64 59 95 94 65 20 64 58 6 94 82 45 5 80 34 45 42 43 64 89 45 52 48 99 1 33 20 64 60 81 96 44 43 47 55 73 17 16 83 99 63 68 5 24 49 8 74 22 53 90 46 14 10 88 8 45 16 66 14 26 91 46 52 95 54 29 87 9 55 60 13 55 16 62 24 86 8 77 34 7 93
53 34 10 54 84 12 68 90 64 56 57 48 32 85 75 68 61 44 7 63 58 64 29 71 39 56 87 95 6 58 95 55 48 8 94 51 86 4 78 10 45 84 17 49 88 56 52 98 37 24 42 21 12 42 85 98 59 78 67 73 51 77 95 54 68 95 3 76 44 41 89 89 54 67 2 88 35 36 91 56 18 40 40 81 72
71 64 86 55 64 98 30 68 55 45 47 32 13 83 48 32 30 64 43 49 46 75 52 3 73 27 89 43 4 59 28 60 54 60 54 38 31 99 94 5 65 11 54 9 8 58 66 80 88 60 63 94 31 22 26 38 80 12 6 37 76 32 36 74 75 51 79 77 59 7 69 26 6 9 18 91 70 58 51 46 62 4 78 5 23 97
28 90 64 74 23 71 92 79 87 92 75 81 77 92 48 10 4 59 22 25 16 5 89 85 72 73 92 76 87 24 46 20 4 69 62 46 87 99 7 16 16 73 25 80 51 82 50 72 38 16 10 9 96 12 18 84 46 24 31 16 20 94 35 81 44 61 85 79 95 89 55 62 63 48 25 78 6 72 53 76 18 93 57 12 37 31 17
87 27 5 50 88 50 45 44 98 98 52 13 21 87 18 43 94 68 11 96 22 14 33 40 76 54 6 40 98 12 30 66 53 33 15 98 13 36 85 20 20 77 25 99 61 54 73 86 64 68 61 42 37 54 82 65 38 37 31 94 12 89 23 21 36 95 86 6 66 60 27 82 31 53 67 10 61 9 83 97 44 77 74 73 54 55 90 58
10 4 1 43 93 79 23 54 2 53 2 2 52 67 43 28 75 87 48 51 92 60 56 65 50 37 34 48 41 1 86 13 90 13 98 60 13 71 41 61 76 28 50 47 17 24 56 28 12 49 95 17 55 22 95 80 33 79 60 88 78 51 65 36 80 97 99 69 29 73 98 73 77 82 12 53 71 33 74 71 25 45 56 61 76 72 24 3 14
19 14 63 34 78 28 96 42 21 80 44 72 28 97 32 55 1 67 66 74 99 62 85 59 9 50 66 50 66 80 78 61 17 23 25 16 50 46 17 54 72 66 95 22 93 28 52 80 83 19 72 84 45 32 46 82 51 19 16 45 43 83 89 29 10 31 4 44 94 48 75 76 66 23 54 19 91 55 26 69 34 52 35 43 29 95 94 89 43 98
80 41 72 8 20 96 68 10 26 58 63 77 10 82 63 76 36 60 71 91 95 54 26 26 94 86 0 72 5 18 35 87 89 19 12 40 46 40 69 4 63 51 57 34 58 78 68 54 61 24 9 31 65 19 5 53 45 69 21 74 91 39 28 70 75 98 9 30 81 86 92 77 34 82 23 19 71 97 95 3 98 79 97 92 45 55 68 1 89 65 73
82 47 1 27 51 63 70 29 39 11 30 37 5 27 63 2 75 56 79 38 97 22 49 22 62 27 67 96 94 53 57 72 39 79 16 31 50 13 32 68 70 82 32 68 57 63 27 50 90 91 40 80 38 97 27 57 88 47 15 91 25 37 33 73 18 26 91 63 83 71 59 35 60 68 95 17 35 42 85 54 25 10 7 9 84 52 56 17 38 13 31 79
76 38 58 97 30 11 0 9 18 71 87 82 36 2 12 21 96 26 81 31 60 86 89 61 5 3 20 36 62 92 90 15 0 32 30 72 60 55 5 17 43 93 25 49 43 93 87 74 72 5 23 76 30 12 46 68 47 73 92 63 93 50 62 0 5 89 11 53 51 90 15 9 6 24 83 47 40 71 84 98 99 15 88 70 16 74 14 6 57 82 39 29 85
1 97 56 91 19 61 29 16 52 41 22 95 72 39 25 8 69 6 92 18 98 99 9 73 1 77 12 46 6 45 68 14 19 8 68 67 26 26 84 39 25 5 49 22 90 93 54 35 46 38 48 43 13 56 37 74 85 70 29 64 54 91 73 75 42 78 17 43 85 28 45 59 13 69 49 28 41 87 15 52 8 76 90 63 13 8 93 30 78 6 73 78 58 31
67 5 99 25 34 68 56 83 5 48 4 86 30 83 34 7 40 7 26 72 35 43 60 41 82 34 63 93 88 83 24 99 79 71 38 27 67 43 64 57 16 59 74 72 36 40 4 36 56 37 39 14 13 69 98 62 79 29 14 75 30 49 19 11 57 18 63 13 44 54 92 80 1 88 79 42 55 3 95 19 48 82 17 69 90 91 22 32 81 0 54 55 3 79 4
33 85 14 66 71 57 79 5 83 57 34 26 18 44 57 48 90 56 77 50 66 21 59 72 25 36 38 30 18 64 1 41 51 22 49 43 52 43 68 10 82 16 37 9 2 57 64 54 40 0 7 8 41 6 2 33 56 15 24 24 44 15 51 22 68 16 54 38 66 84 67 7 62 89 63 42 27 64 29 94 38 95 43 57 66 49 65 92 85 72 98 6 1 6 1 5
33 29 95 11 55 62 30 1 33 77 9 74 12 48 25 43 93 29 70 18 44 54 23 53 32 32 39 77 33 36 47 29 52 75 56 13 64 68 87 99 94 76 66 61 59 5 70 81 26 96 67 71 93 26 3 81 66 78 31 17 51 5 49 23 11 39 10 62 44 34 40 14 26 69 39 95 90 23 54 45 8 34 59 0 39 7 3 28 22 12 35 10 44 30 15 17 82
8 33 72 37 0 35 13 39 41 87 56 74 63 35 2 44 59 89 37 51 67 93 88 60 71 59 64 20 49 45 31 67 19 52 64 17 71 79 64 92 71 67 20 19 75 87 13 44 33 62 49 80 37 79 11 41 2 74 39 43 36 27 12 40 24 19 46 1 93 79 84 21 89 98 35 76 41 85 53 58 94 29 78 56 1 52 29 80 10 28 55 36 14 21 12 92 82 64
83 5 88 77 16 47 20 14 13 75 84 72 99 46 90 39 99 61 7 28 21 81 55 70 31 20 78 67 60 55 2 32 9 28 99 96 97 28 87 59 77 6 96 86 97 34 27 0 63 88 0 50 23 57 20 52 93 43 15 77 23 10 28 37 48 56 70 96 62 7 12 26 25 54 9 93 10 56 51 11 95 65 94 16 72 14 90 1 15 73 18 31 1 72 15 27 42 99 89
96 12 33 8 3 67 67 19 99 43 91 18 60 24 55 83 21 67 27 81 18 35 90 24 42 35 33 0 25 42 22 16 26 73 56 38 37 5 16 87 59 2 43 38 48 68 43 54 29 1 77 4 54 83 45 82 36 80 62 70 72 48 77 48 81 92 19 48 60 5 74 31 13 27 89 93 15 48 22 55 48 85 45 68 50 60 23 90 34 41 62 11 72 11 79 71 37 10 38 23